 "SS_1        " "HK_1        " "VERT_K_CB   " "SS_2        " "HK_2        " "WELLS_TR    " "RIVERS      " "RCH_ZONE_1  " "RCH_ZONE_2  "
    1.1458121588703402E-03    0.8775086834372322        0.8826501435931289        1.7311611300782051E-04    0.8791430203316385       -0.9662910381336052        0.8715798817779822         55.36586974512880         27.68009173933470    
    0.8775086834372322         675.9495689609754         675.0078708979266        0.1356880519956117         676.0297581712736        -743.6935962593067         682.5491215337400         42653.29653324869         21304.82327634957    
    0.8826501435931289         675.0078708979266         691.9646054587810        0.1304737439325041         674.6490893062336        -742.6621608683123         579.9240601871529         42561.85351998615         21268.70161774696    
    1.7311611300782051E-04    0.1356880519956117        0.1304737439325041        2.9666494547348860E-05    0.1359162437643165       -0.1492883948648300        0.1711554132671637         8.574293230095337         4.279240659147372    
    0.8791430203316385         676.0297581712736         674.6490893062336        0.1359162437643165         678.4655819261774        -744.6335730911527         733.9489825034207         42678.98809822308         21339.58505540735    
   -0.9662910381336052        -743.6935962593067        -742.6621608683123       -0.1492883948648300        -744.6335730911527         818.5675311660140        -769.4068193719671        -46935.68204469624        -23451.58769051804    
    0.8715798817779822         682.5491215337400         579.9240601871529        0.1711554132671637         733.9489825034207        -769.4068193719671         3290.600176020787         44334.87002408424         22090.10332202420    
     55.36586974512880         42653.29653324869         42561.85351998615         8.574293230095337         42678.98809822308        -46935.68204469624         44334.87002408424         2770829.827819600         1303955.443574019    
     27.68009173933470         21304.82327634957         21268.70161774696         4.279240659147372         21339.58505540735        -23451.58769051804         22090.10332202420         1303955.443574019         694452.1895299299    
