 "SS_1        " "HK_1        " "VERT_K_CB   " "SS_2        " "HK_2        " "WELLS_TR    " "RIVERS      " "RCH_ZONE_1  " "RCH_ZONE_2  "
    1.2025637607002467E-07    1.0528700558473269E-04    1.0932165815891748E-04    4.0560578511391264E-09    1.0552673292441180E-04   -1.1052602439494795E-04    9.7001581675144034E-05    3.5177377788010041E-03    5.1893059426003727E-03
    1.0528700558473269E-04    9.4685863444324336E-02    9.4611392441140418E-02    5.7130031328308861E-06    9.4757885819615889E-02   -9.9324997177315397E-02    9.6227680808271265E-02     3.167318327723150         4.664450625888664    
    1.0932165815891748E-04    9.4611392441140418E-02    0.1038556551498547        2.1986282473216075E-06    9.4401834701215340E-02   -9.9194422224499215E-02    6.9397146700412027E-02     3.161704907570838         4.653687656090271    
    4.0560578511391264E-09    5.7130031328308861E-06    2.1986282473216075E-06    2.1909307562852258E-09    5.7966672791896934E-06   -5.9967793526766781E-06    1.6958542470290665E-05    1.9354885480671728E-04    2.8334052429531287E-04
    1.0552673292441180E-04    9.4757885819615889E-02    9.4401834701215340E-02    5.7966672791896934E-06    9.5468357867593348E-02   -9.9578638738259964E-02    0.1068866768410644         3.167948723197173         4.680047326481979    
   -1.1052602439494795E-04   -9.9324997177315397E-02   -9.9194422224499215E-02   -5.9967793526766781E-06   -9.9578638738259964E-02    0.1042437558354235       -0.1041746454251769        -3.322235926345180        -4.896296719387029    
    9.7001581675144034E-05    9.6227680808271265E-02    6.9397146700412027E-02    1.6958542470290665E-05    0.1068866768410644       -0.1041746454251769        0.4778100124860413         3.307572457102082         4.923473487944878    
    3.5177377788010041E-03     3.167318327723150         3.161704907570838        1.9354885480671728E-04     3.167948723197173        -3.322235926345180         3.307572457102082         125.0389269874232         146.2938827469439    
    5.1893059426003727E-03     4.664450625888664         4.653687656090271        2.8334052429531287E-04     4.680047326481979        -4.896296719387029         4.923473487944878         146.2938827469439         235.3362091508716    
