 "SS_1        " "HK_1        " "VERT_K_CB   " "SS_2        " "HK_2        " "WELLS_TR    " "RIVERS      " "RCH_ZONE_1  " "RCH_ZONE_2  "
     1.000000000000000        0.9866841374208647        0.9782212196700323        0.2498824518157011        0.9848695503955176       -0.9871552680388263        0.4046663914056132        0.9071660479051447        0.9754630945196671    
    0.9866841374208647         1.000000000000000        0.9540821868501632        0.3966500964815401        0.9966509023512095       -0.9997489674859270        0.4524075290757562        0.9205057862896601        0.9881287869201838    
    0.9782212196700323        0.9540821868501632        0.9999999999999999        0.1457546444827854        0.9480595860385844       -0.9533385439330617        0.3115293124864425        0.8773717352668935        0.9413210695104387    
    0.2498824518157011        0.3966500964815401        0.1457546444827854         1.000000000000000        0.4008060984969920       -0.3968064458756853        0.5241391188981955        0.3697887213443005        0.3945935576505262    
    0.9848695503955176        0.9966509023512095        0.9480595860385844        0.4008060984969920        0.9999999999999999       -0.9981859064610041        0.5004563747171724        0.9169080764031220        0.9873613932927018    
   -0.9871552680388263       -0.9997489674859270       -0.9533385439330617       -0.3968064458756853       -0.9981859064610041         1.000000000000000       -0.4667769293459381       -0.9202012652930699       -0.9885492856698612    
    0.4046663914056132        0.4524075290757562        0.3115293124864425        0.5241391188981955        0.5004563747171724       -0.4667769293459381         1.000000000000000        0.4279165905753975        0.4643009837780604    
    0.9071660479051447        0.9205057862896601        0.8773717352668935        0.3697887213443005        0.9169080764031220       -0.9202012652930699        0.4279165905753975         1.000000000000000        0.8528235229500057    
    0.9754630945196671        0.9881287869201838        0.9413210695104387        0.3945935576505262        0.9873613932927018       -0.9885492856698612        0.4643009837780604        0.8528235229500057         1.000000000000000    
