unit S_StarValues;

interface

const
  TableMax = 131;
  Values: array[0..TableMax-1] of double = 
    (0, 0.02, 0.04, 0.06, 0.08, 0.1, 0.12, 0.14, 0.16, 0.18, 
     0.2, 0.22, 0.24, 0.26, 0.28, 0.3, 0.32, 0.34, 0.36, 0.38, 
     0.4, 0.42, 0.44, 0.46, 0.48, 0.5, 0.52, 0.54, 0.56, 0.58, 
     0.6, 0.62, 0.64, 0.66, 0.68, 0.7, 0.72, 0.74, 0.76, 0.78, 
     0.8, 0.82, 0.84, 0.86, 0.88, 0.9, 0.92, 0.94, 0.96, 0.98, 
     1, 1.025, 1.05, 1.075, 1.1, 1.125, 1.15, 1.175, 1.2, 1.225, 
     1.25, 1.275, 1.3, 1.325, 1.35, 1.375, 1.4, 1.425, 1.45, 1.475, 
     1.5, 1.525, 1.55, 1.575, 1.6, 1.625, 1.65, 1.675, 1.7, 1.725, 
     1.75, 1.775, 1.8, 1.825, 1.85, 1.875, 1.9, 1.925, 1.95, 1.975, 
     2, 2.025, 2.05, 2.075, 2.1, 2.125, 2.15, 2.175, 2.2, 2.225, 
     2.25, 2.275, 2.3, 2.325, 2.35, 2.375, 2.4, 2.425, 2.45, 2.475, 
     2.5, 2.525, 2.55, 2.575, 2.6, 2.625, 2.65, 2.675, 2.7, 2.725, 
     2.75, 2.775, 2.8, 2.825, 2.85, 2.875, 2.9, 2.925, 2.95, 2.975, 
     3);
  SValues: array[0..TableMax-1,0..TableMax-1] of double =
    (
    (0, 0, 0, 0, 0, 0, 0, 0, 0, 0, 
     0, 0, 0, 0, 0, 0, 0, 0, 0, 0, 
     0, 0, 0, 0, 0, 0, 0, 0, 0, 0, 
     0, 0, 0, 0, 0, 0, 0, 0, 0, 0, 
     0, 0, 0, 0, 0, 0, 0, 0, 0, 0, 
     0, 0, 0, 0, 0, 0, 0, 0, 0, 0, 
     0, 0, 0, 0, 0, 0, 0, 0, 0, 0, 
     0, 0, 0, 0, 0, 0, 0, 0, 0, 0, 
     0, 0, 0, 0, 0, 0, 0, 0, 0, 0, 
     0, 0, 0, 0, 0, 0, 0, 0, 0, 0, 
     0, 0, 0, 0, 0, 0, 0, 0, 0, 0, 
     0, 0, 0, 0, 0, 0, 0, 0, 0, 0, 
     0, 0, 0, 0, 0, 0, 0, 0, 0, 0, 
     0),
    (0, 0.00406578618992374, 0.00729025296222328, 0.0100290187689988, 0.0124360103036373, 0.0145926931588909, 0.016549063424832, 0.0183388895790562, 0.0199865253714994, 0.0215103884203123, 
     0.022924916201174, 0.0242417485574895, 0.0254704839983573, 0.0266191856405518, 0.0276947323202338, 0.0287030698070415, 0.0296493952364933, 0.0305382955336906, 0.0313738533082776, 0.0321597292280638, 
     0.0328992270458942, 0.0335953456087415, 0.0342508209452329, 0.0348681606858694, 0.0354496724837535, 0.0359974876876532, 0.0365135812194817, 0.0369997883889446, 0.0374578192155556, 0.0378892707061777, 
     0.0382956374435855, 0.0386783207705107, 0.0390386367985028, 0.0393778234279396, 0.039697046531535, 0.0399974054267474, 0.0402799377408833, 0.0405456237552831, 0.0407953903008502, 0.0410301142656631, 
     0.0412506257659314, 0.0414577110237423, 0.0416521149885668, 0.0418345437340749, 0.0420056666572958, 0.042166118503336, 0.0423165012356566, 0.0424573857691938, 0.0425893135812747, 0.0427127982133046, 
     0.0428283266745207, 0.0429622500979681, 0.0430853113684864, 0.0431983050213365, 0.0433019738427544, 0.0433970119363952, 0.0434840675940658, 0.043563745989811, 0.0436366117136819, 0.0437031911591967, 
     0.043763974776534, 0.0438194192018725, 0.0438699492719003, 0.0439159599313423, 0.0439578180403672, 0.0439958640879248, 0.0440304138163522, 0.0440617597620035, 0.0440901727161903, 0.0441159031102787, 
     0.0441391823284818, 0.0441602239515717, 0.0441792249345272, 0.0441963667209142, 0.044211816296645, 0.0442257271856218, 0.0442382403896669, 0.0442494852750158, 0.0442595804076208, 0.0442686343393809, 
     0.0442767463474079, 0.0442840071283457, 0.0442904994497326, 0.0442962987603384, 0.0443014737613727, 0.0443060869404079, 0.0443101950698297, 0.0443138496715656, 0.0443170974498303, 0.0443199806935463, 
     0.0443225376500768, 0.0443248028718464, 0.0443268075373985, 0.0443285797483482, 0.044330144803693, 0.0443315254528374, 0.0443327421286794, 0.0443338131620204, 0.0443347549785331, 0.0443355822794459, 
     0.044336308207066, 0.0443369444961965, 0.0443375016124598, 0.0443379888784836, 0.044338414588848, 0.0443387861146541, 0.0443391099985149, 0.0443393920407274, 0.044339637377328, 0.0443398505507055, 
     0.0443400355733889, 0.0443401959855846, 0.044340334907009, 0.0443404550835142, 0.044340558928965, 0.0443406485628166, 0.0443407258437617, 0.044340792399839, 0.0443408496553233, 0.0443408988547132, 
     0.0443409410841007, 0.0443409772901806, 0.0443410082971336, 0.0443410348216095, 0.0443410574859912, 0.0443410768301381, 0.0443410933217549, 0.0443411073655374, 0.0443411193112344, 0.0443411294607366, 
     0.0443411844653379),
    (0, 0.00729025296222328, 0.0134406400104621, 0.0187820561518079, 0.0235208797251872, 0.0277872473125224, 0.0316680479048594, 0.0352246849927599, 0.0385026433239066, 0.0415369118557088, 
     0.0443552349746002, 0.0469801626082685, 0.0494304002051981, 0.0517217310174751, 0.0538676662448862, 0.0558799158083095, 0.0577687372297265, 0.0595431994442381, 0.0612113858432893, 0.062780553005492, 
     0.0642572565202813, 0.0656474519734554, 0.0669565769097291, 0.0681896180335028, 0.0693511668177052, 0.0704454659112902, 0.0714764481708917, 0.0724477697267074, 0.0733628381832306, 0.0742248368223289, 
     0.0750367454984747, 0.0758013587792579, 0.0765213017780427, 0.0771990440424411, 0.0778369117964249, 0.078437098781577, 0.0790016759009192, 0.0795325998348682, 0.0800317207712586, 0.0805007893688884, 
     0.0809414630554615, 0.0813553117455139, 0.0817438230512011, 0.0821084070481649, 0.0824504006498526, 0.0827710716361225, 0.0830716223756678, 0.0833531932764131, 0.0836168659934502, 0.0838636664202182, 
     0.0840945674852333, 0.0843622362476538, 0.0846081976523158, 0.0848340391698877, 0.0850412449298611, 0.0852312018363868, 0.0854052052948457, 0.085564464586977, 0.0857101079269442, 0.0858431872261253, 
     0.0859646825905503, 0.0860755065716373, 0.0861765081881383, 0.0862684767348765, 0.0863521453919336, 0.0864281946462501, 0.0864972555362978, 0.0865599127292515, 0.0866167074391706, 0.0866681401938608, 
     0.0867146734574363, 0.0867567341150107, 0.0867947158255084, 0.086828981248159, 0.0868598641479676, 0.0868876713851343, 0.0869126847931953, 0.0869351629504738, 0.0869553428492444, 0.0869734414669173, 
     0.0869896572433704, 0.0870041714685155, 0.0870171495840309, 0.0870287424031304, 0.0870390872521562, 0.0870483090376685, 0.0870565212426522, 0.0870638268553559, 0.0870703192341949, 0.0870760829120707, 
     0.0870811943433586, 0.087085722596714, 0.0870897299967805, 0.0870932727177418, 0.0870964013316053, 0.0870991613139555, 0.0871015935098494, 0.0871037345623915, 0.0871056173064396, 0.0871072711297745, 
     0.0871087223039558, 0.0871099942869914, 0.0871111079998317, 0.087112082078604, 0.0871129331043831, 0.087113675812217, 0.0871143232810109, 0.0871148871057728, 0.0871153775536502, 0.087115803705085, 
     0.087116173581316, 0.0871164942593992, 0.0871167719758206, 0.0871170122196948, 0.0871172198164901, 0.087117399003131, 0.0871175534952701, 0.0871176865474708, 0.0871178010069614, 0.0871178993615893, 
     0.0871179837825356, 0.0871180561623197, 0.0871181181485484, 0.0871181711738621, 0.0871182164824624, 0.087118255153576, 0.0871182881221838, 0.0871183161973143, 0.0871183400781462, 0.0871183603681919, 
     0.087118469844129),
    (0, 0.0100290187689988, 0.0187820561518079, 0.0265305138430473, 0.0334779147232378, 0.0397714471186707, 0.0455183745666842, 0.0507987935746674, 0.0556741953281295, 0.0601930362064094, 
     0.0643943937279793, 0.0683104193751154, 0.0719680266744232, 0.0753900825218011, 0.0785962678374075, 0.0816037127043019, 0.084427474149385, 0.087080901787399, 0.0895759220020702, 0.0919232619047968, 
     0.0941326280613737, 0.0962128507529485, 0.0981720016283901, 0.100017490567279, 0.10175614612193, 0.103394282858785, 0.104937758151972, 0.106392020412502, 0.107762150309481, 0.109052896215549, 
     0.110268704860473, 0.111413747984656, 0.112491945634318, 0.113506986622114, 0.114462346583309, 0.115361303982807, 0.116206954368182, 0.117002223115087, 0.11774987687174, 0.118452533876652, 
     0.119112673296921, 0.11973264371228, 0.12031467085155, 0.120860864672756, 0.121373225865173, 0.121853651840651, 0.12230394227231, 0.122725804230847, 0.123120856962018, 0.123490636343103, 
     0.123836599051302, 0.124237657826531, 0.12460619783729, 0.124944596302047, 0.125255075818051, 0.125539713492706, 0.125800449496401, 0.126039095092749, 0.12625734019415, 0.126456760483796, 
     0.12663882413954, 0.126804898190218, 0.126956254530973, 0.127094075620639, 0.12721945988147, 0.127333426818954, 0.12743692187748, 0.127530821045906, 0.127615935225628, 0.127693014372565, 
     0.127762751423471, 0.127825786016147, 0.12788270801246, 0.127934060832461, 0.127980344607466, 0.128022019159514, 0.128059506814329, 0.12809319505461, 0.128123439020252, 0.128150563861868, 
     0.128174866953845, 0.128196619972992, 0.128216070848666, 0.128233445590182, 0.12824894999713, 0.128262771258123, 0.128275079443401, 0.1282860288965, 0.128295759530179, 0.128304398031588, 
     0.128312058981546, 0.128318845892666, 0.128324852170917, 0.12833016200505, 0.128334851188195, 0.128338987875736, 0.12834263328348, 0.128345842329894, 0.128348664226101, 0.128351143017124, 
     0.128353318077708, 0.128355224565904, 0.128356893837435, 0.128358353823694, 0.128359629376109, 0.128360742579387, 0.128361713036098, 0.128362558124811, 0.128363293233952, 0.128363931973351, 
     0.12836448636533, 0.128364967017091, 0.128365383276002, 0.128365743369277, 0.128366054529462, 0.128366323106992, 0.128366554671014, 0.128366754099594, 0.128366925660275, 0.128367073081955, 
     0.128367199618907, 0.128367308107733, 0.128367401017955, 0.128367480496898, 0.128367548409444, 0.128367606373206, 0.128367655789595, 0.128367697871237, 0.128367733666111, 0.128367764078804, 
     0.128367928186415),
    (0, 0.0124360103036373, 0.0235208797251872, 0.0334779147232378, 0.0424920447397205, 0.050710012904081, 0.0582467702883499, 0.065192778965047, 0.071620145244753, 0.0775872501529766, 
     0.0831421198586344, 0.0883248603926628, 0.0931694269284187, 0.0977049245893052, 0.101956578260897, 0.105946466171312, 0.109694082691456, 0.113216775956663, 0.116530092458448, 0.119648051568762, 
     0.122583366618042, 0.125347624717214, 0.127951434377622, 0.130404547734717, 0.13271596254979, 0.134894007965791, 0.136946417103146, 0.138880388913286, 0.140702641200627, 0.142419456335648, 
     0.144036720881714, 0.145559960124491, 0.146994368309175, 0.148344835245249, 0.149615969822628, 0.150812120889843, 0.151937395869785, 0.15299567742732, 0.153990638453107, 0.154925755586838, 
     0.155804321469159, 0.156629455883296, 0.15740411592391, 0.158131105310965, 0.158813082949795, 0.159452570824562, 0.160051961300394, 0.160613523899403, 0.161139411607135, 0.161631666758642, 
     0.162092226547021, 0.162626144444539, 0.163116782624023, 0.163567303300406, 0.163980663251462, 0.164359625914542, 0.164706772721813, 0.165024513747149, 0.165315097727329, 0.165580621511387, 
     0.165823038984449, 0.166044169506155, 0.16624570589842, 0.166429222012816, 0.166596179904116, 0.166747936633312, 0.166885750720823, 0.167010788268305, 0.167124128765664, 0.167226770598238, 
     0.167319636267903, 0.167403577340673, 0.167479379132536, 0.167547765144487, 0.167609401257094, 0.167664899694443, 0.16771482276684, 0.167759686401312, 0.167799963468643, 0.167836086915391, 
     0.167868452709138, 0.167897422604979, 0.167923326741118, 0.167946466071202, 0.167967114640911, 0.16798552171613, 0.168001913769853, 0.168016496334838, 0.16802945572883, 0.168040960659001, 
     0.168051163712102, 0.168060202736591, 0.168068202122868, 0.168075273987481, 0.168081519267057, 0.168087028727405, 0.168091883893125, 0.168096157902781, 0.168099916294512, 0.168103217726733, 
     0.16810611463837, 0.168108653852866, 0.168110877129957, 0.168112821669033, 0.16811452056771, 0.168116003238985, 0.168117295790191, 0.168118421366778, 0.168119400463738, 0.168120251207321, 
     0.168120989609523, 0.168121629797662, 0.168122184221175, 0.168122663837653, 0.168123078279943, 0.168123436006063, 0.168123744433482, 0.168124010059235, 0.168124238567235, 0.168124434923991, 
     0.168124603463872, 0.168124747964964, 0.168124871716444, 0.16812497757836, 0.168125068034579, 0.168125145239629, 0.168125211060084, 0.168125267111066, 0.168125314788412, 0.16812535529697, 
     0.16812557388463),
    (0, 0.0145926931588909, 0.0277872473125224, 0.0397714471186707, 0.050710012904081, 0.0607419572067824, 0.0699823211852945, 0.0785257744433076, 0.0864504564460352, 0.0938213572766485, 
     0.100693059748542, 0.107111885186268, 0.113117549756284, 0.118744440213403, 0.124022600340722, 0.128978499072442, 0.133635633755415, 0.13801500829513, 0.142135515660279, 0.146014246664237, 
     0.149666741417416, 0.153107195803356, 0.156348632363012, 0.159403042777425, 0.16228150750508, 0.164994296903681, 0.167550957237922, 0.169960384266562, 0.172230886557293, 0.174370240255576, 
     0.176385736703648, 0.178284224046257, 0.180072143753989, 0.181755562830847, 0.183340202340996, 0.184831462783111, 0.186234446754238, 0.187553979274424, 0.188794626085274, 0.189960710187652, 
     0.191056326843999, 0.192085357237564, 0.193051480953121, 0.193958187420409, 0.194808786441884, 0.195606417909688, 0.196354060802584, 0.197054541541552, 0.197710541772405, 0.198324605634922, 
     0.1988991465704, 0.199565219630819, 0.200177318838336, 0.200739385124836, 0.20125510378042, 0.201727919449733, 0.202161050192082, 0.202557500694465, 0.202920074713943, 0.203251386815033, 
     0.203553873458715, 0.203829803492015, 0.204081288080653, 0.204310290121808, 0.204518633169426, 0.20470800990069, 0.204879990148951, 0.205036028525777, 0.205177471652406, 0.205305565019074, 
     0.205421459489034, 0.205526217462792, 0.205620818717005, 0.205706165931524, 0.205783089917382, 0.20585235455784, 0.205914661474109, 0.205970654426938, 0.206020923464863, 0.206066008829601, 
     0.206106404628813, 0.206142562286183, 0.206174893778552, 0.20620377466962, 0.206229546949545, 0.206252521689534, 0.206272981520351, 0.206291182943439, 0.206307358483164, 0.206321718688462, 
     0.206334453991955, 0.206345736434356, 0.206355721261786, 0.206364548403345, 0.206372343836043, 0.206379220843949, 0.206385281178165, 0.206390616123933, 0.206395307480974, 0.206399428462841, 
     0.206403044520832, 0.20640621409774, 0.206408989316444, 0.206411416608098, 0.206413537284412, 0.206415388058264, 0.206417001516649, 0.206418406549733, 0.206419628739517, 0.206420690711445, 
     0.206421612452025, 0.206422411595361, 0.206423103681257, 0.206423702387404, 0.206424219737959, 0.206424666290647, 0.206425051304363, 0.206425382889108, 0.206425668139917, 0.206425913256338, 
     0.206426123648862, 0.206426304033592, 0.206426458516365, 0.206426590667344, 0.206426703587124, 0.206426799965198, 0.206426882131608, 0.206426952102524, 0.206427011620381, 0.206427062189203, 
     0.206427335017544),
    (0, 0.016549063424832, 0.0316680479048594, 0.0455183745666842, 0.0582467702883499, 0.0699823211852945, 0.0808362915358741, 0.0909036093911503, 0.10026504241115, 0.108989455757046, 
     0.117135859333554, 0.124755149088994, 0.131891538841358, 0.138583719518847, 0.144865791806703, 0.150768016031812, 0.156317416724418, 0.161538272269498, 0.16645251374467, 0.171080051812303, 
     0.175439046372597, 0.179546130439302, 0.183416597192668, 0.187064557233978, 0.190503071579595, 0.19374426478479, 0.196799421698108, 0.199679070654287, 0.202393055371368, 0.204950597390528, 
     0.207360350559051, 0.209630448787529, 0.211768548096651, 0.213781863795236, 0.215677203490479, 0.217460996516823, 0.219139320276181, 0.220717923905168, 0.222202249621323, 0.22359745204748, 
     0.224908415769388, 0.226139771344829, 0.227295909951465, 0.228380996834537, 0.229398983693411, 0.230353620127123, 0.231248464243104, 0.232086892519547, 0.232872109000104, 0.233607153889575, 
     0.234294911610481, 0.235092266095033, 0.235825035395536, 0.236497931399687, 0.237115360901078, 0.237681443414679, 0.238200027891387, 0.238674708435297, 0.23910883911271, 0.239505547929313, 
     0.23986775004159, 0.240198160259535, 0.240499304890276, 0.240773532965893, 0.241023026893367, 0.241249812560075, 0.241455768924539, 0.241642637118889, 0.241812029086922, 0.241965435779373, 
     0.242104234926206, 0.242229698404194, 0.242342999216773, 0.242445218102124, 0.242537349784556, 0.242620308883528, 0.242694935494077, 0.242762000451883, 0.242822210295796, 0.242876211940263, 
     0.24292459706981, 0.242967906267404, 0.243006632888289, 0.243041226690619, 0.243072097234012, 0.243099617056862, 0.243124124643048, 0.243145927188448, 0.243165303177363, 0.243182504778791, 
     0.243197760072144, 0.243211275111788, 0.243223235839478, 0.243233809853499, 0.243243148042975, 0.243251386095587, 0.243258645886553, 0.243265036756457, 0.243270656685199, 0.243275593368987, 
     0.243279925207022, 0.243283722204161, 0.243287046795582, 0.24328995459911, 0.243292495100606, 0.243294712277488, 0.243296645165176, 0.243298328370957, 0.243299792539515, 0.243301064774045, 
     0.243302169016703, 0.243303126391785, 0.243303955514889, 0.243304672771033, 0.243305292564482, 0.243305827542861, 0.243306288797929, 0.243306686045161, 0.243307027784186, 0.243307321441904, 
     0.243307573499971, 0.243307789608213, 0.243307974685379, 0.243308133008509, 0.243308268292114, 0.243308383758221, 0.243308482198247, 0.243308566027587, 0.243308637333713, 0.243308697918475, 
     0.243309024900751),
    (0, 0.0183388895790562, 0.0352246849927599, 0.0507987935746674, 0.065192778965047, 0.0785257744433076, 0.0909036093911503, 0.102419191875746, 0.11315361217262, 0.123177545050312, 
     0.132552684484083, 0.141333072398083, 0.14956626560204, 0.157294330649891, 0.164554678292848, 0.171380757642633, 0.177802631769452, 0.183847454958261, 0.189539869198817, 0.19490233463948, 
     0.19995540610621, 0.204717965522496, 0.20920741818314, 0.21343985930144, 0.21743021601452, 0.221192369042673, 0.224739257408422, 0.22808296898953, 0.23123481917476, 0.234205419485539, 
     0.237004737700041, 0.239642150752319, 0.242126491464836, 0.244466089998374, 0.246668810760403, 0.248742085395756, 0.250692942386625, 0.252528033708705, 0.254253658923567, 0.255875787031645, 
     0.257400076363509, 0.25883189274774, 0.260176326160585, 0.261438206034404, 0.262622115377998, 0.263732403841575, 0.26477319984158, 0.265748421845745, 0.266661788905804, 0.267516830514241, 
     0.268316895851869, 0.269244492294254, 0.270096990543201, 0.270879864256283, 0.271598233430383, 0.272256884942355, 0.27286029183557, 0.273412631468956, 0.273917802628623, 0.274379441688242, 
     0.274800937892569, 0.27518544782855, 0.275535909140004, 0.275855053534783, 0.276145419127314, 0.27640936215437, 0.276649068097698, 0.276866562243534, 0.277063719706119, 0.277242274939787, 
     0.27740383076219, 0.277549866909452, 0.27768174814268, 0.277800731924036, 0.277907975679649, 0.278004543665785, 0.278091413454105, 0.278169482051178, 0.278239571667038, 0.278302435147131, 
     0.278358761081604, 0.278409178605666, 0.278454261904355, 0.278494534434839, 0.278530472879097, 0.278562510839542, 0.27859104228992, 0.278616424793498, 0.278638982500332, 0.278659008935074, 
     0.27867676958649, 0.278692504309568, 0.278706429550745, 0.278718740406465, 0.278729612524963, 0.278739203860748, 0.27874765629101, 0.278755097102699, 0.278761640358764, 0.27876738815159, 
     0.278772431751353, 0.27877685265662, 0.278780723554187, 0.278784109194743, 0.278787067190634, 0.278789648741643, 0.278791899294321, 0.278793859140161, 0.278795563957483, 0.27879704530165, 
     0.278798331047937, 0.278799445791033, 0.278800411204943, 0.278801246366751, 0.27880196804746, 0.278802590972903, 0.278803128057461, 0.278803590613156, 0.278803988536413, 0.278804330474692, 
     0.278804623974903, 0.278804875615455, 0.278805091123547, 0.278805275479224, 0.278805433007564, 0.278805567460223, 0.278805682087478, 0.278805779701794, 0.278805862733803, 0.278805933281582, 
     0.278806313911237),
    (0, 0.0199865253714994, 0.0385026433239066, 0.0556741953281295, 0.071620145244753, 0.0864504564460352, 0.10026504241115, 0.11315361217262, 0.125196128360452, 0.136463615069442, 
     0.147019109034505, 0.15691862610619, 0.166212069567766, 0.174944046830703, 0.183154584521438, 0.190879744736469, 0.198152151295548, 0.205001437015072, 0.211454623169516, 0.217536441474814, 
     0.223269607707719, 0.228675054780242, 0.233772131868393, 0.238578775111462, 0.243111654468445, 0.247386300535612, 0.25141721447842, 0.255217963693315, 0.258801265372466, 0.262179059780894, 
     0.265362574756628, 0.268362382698631, 0.271188451104666, 0.273850187553842, 0.276356479889938, 0.278715732246382, 0.280935897457776, 0.283024506322601, 0.284988694114406, 0.286835224682189, 
     0.288570512432834, 0.290200642448028, 0.291731388953699, 0.29316823233076, 0.294516374830877, 0.295780755139664, 0.29696606191122, 0.298076746382141, 0.299117034159475, 0.300090936265256, 
     0.301002259510048, 0.302058897492203, 0.303030037563346, 0.303921904606447, 0.304740322287663, 0.305490736215889, 0.306178235708011, 0.306807574287485, 0.307383189025945, 0.307909218822387, 
     0.30838952170161, 0.308827691202721, 0.309227071919336, 0.309590774245305, 0.309921688373244, 0.310222497587668, 0.310495690889818, 0.310743574987457, 0.3109682856796, 0.311171798663485, 
     0.311355939788795, 0.311522394782312, 0.311672718464616, 0.311808343479167, 0.311930588553073, 0.312040666307966, 0.312139690638686, 0.312228683676861, 0.312308582356011, 0.312380244594287, 
     0.312444455110667, 0.312501930890022, 0.312553326312164, 0.31259923795974, 0.312640209119475, 0.312676733991011, 0.31270926161733, 0.312738199550375, 0.31276391726526, 0.312786749336057, 
     0.312806998385872, 0.312824937823555, 0.31284081437901, 0.312854850448732, 0.31286724626278, 0.312878181884026, 0.312887819050096, 0.312896302868039, 0.312903763371306, 0.312910316948234, 
     0.312916067650826, 0.31292110839214, 0.312925522040263, 0.312929382416383, 0.312932755204088, 0.312935698776625, 0.312938264948469, 0.312940499657146, 0.312942443580949, 0.312944132697743, 
     0.312945598789814, 0.312946869899286, 0.312947970738411, 0.31294892305865, 0.312949745982247, 0.312950456299667, 0.312951068736063, 0.312951596189631, 0.312952049944564, 0.312952439861002, 
     0.312952774544258, 0.312953061495359, 0.312953307244781, 0.312953517471088, 0.31295369710603, 0.31295385042753, 0.312953981141821, 0.312954092455915, 0.312954187141448, 0.312954267590853, 
     0.312954701652519),
    (0, 0.0215103884203123, 0.0415369118557088, 0.0601930362064094, 0.0775872501529766, 0.0938213572766485, 0.108989455757046, 0.123177545050312, 0.136463615069442, 0.148918061295237, 
     0.160604280565354, 0.171579344559132, 0.181894680454717, 0.191596717692914, 0.200727479843874, 0.209325113519985, 0.217424353949668, 0.225056930957167, 0.232251921011691, 0.239036051624555, 
     0.245433964270388, 0.251468441546073, 0.257160603668774, 0.262530078769353, 0.267595150821002, 0.272372888483209, 0.276879257648601, 0.281129220054656, 0.285136819959209, 0.288915260571018, 
     0.292476971667561, 0.29583366961403, 0.2989964108145, 0.301975639472336, 0.304781230407592, 0.307422527570353, 0.309908378797122, 0.312247167279908, 0.314446840151932, 0.31651493453824, 
     0.318458601372063, 0.320284627237377, 0.32199945446359, 0.323609199668622, 0.325119670921309, 0.326536383672096, 0.327864575582162, 0.329109220364762, 0.330275040738453, 0.3313665205796, 
     0.332387916350868, 0.333572239957922, 0.334660793575631, 0.335660541484076, 0.336578000315809, 0.337419264717181, 0.338190031489263, 0.338895622345044, 0.339541005400551, 0.340130815501427, 
     0.340669373472722, 0.341160704368105, 0.341608554784865, 0.34201640930273, 0.342387506097558, 0.342724851775033, 0.34303123546454, 0.343309242209236, 0.343561265684881, 0.34378952027706, 
     0.343996052544082, 0.344182752090808, 0.344351361877053, 0.34450348798283, 0.344640608851618, 0.344764084031905, 0.344875162436499, 0.344974990138471, 0.345064617722077, 0.345145007206537, 
     0.345217038560135, 0.345281515821807, 0.345339172846984, 0.345390678694184, 0.345436642668531, 0.345477619038081, 0.345514111438484, 0.345546576981245, 0.345575430080455, 0.345601046012558, 
     0.345623764223305, 0.345643891395711, 0.345661704292401, 0.345677452385325, 0.345691360285393, 0.345703629984165, 0.34571444291924, 0.345723961874582, 0.345732332726512, 0.345739686045676, 
     0.345746138564799, 0.345751794521584, 0.345756746885646, 0.345761078477936, 0.345764862990615, 0.345768165914943, 0.345771045384283, 0.345773552938908, 0.345775734218886, 0.345777629590933, 
     0.345779274714721, 0.345780701053767, 0.345781936335687, 0.345783004966258, 0.345783928401372, 0.345784725480736, 0.345785412726807, 0.34578600461221, 0.345786513798637, 0.345786951349979, 
     0.345787326922168, 0.34578764893209, 0.345787924707625, 0.345788160620757, 0.345788362205499, 0.345788534262221, 0.345788680949801, 0.345788805866959, 0.345788912123873, 0.345789002405208, 
     0.345789489525462),
    (0, 0.022924916201174, 0.0443552349746002, 0.0643943937279793, 0.0831421198586344, 0.100693059748542, 0.117135859333554, 0.132552684484083, 0.147019109034505, 0.160604280565354, 
     0.173371265930408, 0.185377500174909, 0.196675279243684, 0.207312256621419, 0.217331919170437, 0.226774028519954, 0.235675021867763, 0.244068370803591, 0.251984899561733, 0.25945306560717, 
     0.266499206129008, 0.273147754184387, 0.279421428120121, 0.285341397634765, 0.29092742951425, 0.296198015728812, 0.30117048624524, 0.305861108600182, 0.310285176003612, 0.31445708549747, 
     0.318390407481891, 0.322097947737647, 0.325591802915317, 0.328883410326262, 0.3319835927545, 0.334902598909476, 0.337650140055022, 0.340235423277277, 0.342667181792363, 0.344953702641357, 
     0.347102852074537, 0.349122098887557, 0.351018535938462, 0.352798900045249, 0.354469590438527, 0.356036685921961, 0.357505960874281, 0.358882900210216, 0.360172713403364, 0.361380347661593, 
     0.362510500334649, 0.363821004238857, 0.365025607371844, 0.366132000380804, 0.367147381064464, 0.368078482409758, 0.368931598996895, 0.369712611916629, 0.370427012323523, 0.371079923732213, 
     0.371676123149321, 0.372220061121531, 0.372715880769959, 0.373167435872349, 0.373578308047178, 0.373951823087596, 0.374291066487936, 0.374598898201129, 0.374877966661768, 0.375130722106515, 
     0.375359429221054, 0.375566179140707, 0.375752900830127, 0.375921371866118, 0.376073228646425, 0.376209976046436, 0.376332996544956, 0.376443558839549, 0.37654282597144, 0.376631862979459, 
     0.37671164410214, 0.376783059546741, 0.376846921843525, 0.376903971803462, 0.376954884097048, 0.377000272471698, 0.377040694624838, 0.377076656749442, 0.377108617768402, 0.377136993273804, 
     0.377162159186677, 0.377184455152479, 0.377204187687061, 0.377221633087472, 0.377237040121429, 0.377250632508874, 0.37726261120846, 0.377273156521418, 0.377282430024624, 0.377290576344296, 
     0.377297724781134, 0.377303990797277, 0.377309477374912, 0.377314276255853, 0.37731846907093, 0.377322128367558, 0.377325318543295, 0.377328096692856, 0.377330513375484, 0.377332613309198, 
     0.377334435998, 0.377336016297741, 0.377337384925881, 0.377338568920111, 0.37733959205035, 0.377340475188372, 0.377341236638912, 0.3773418924359, 0.37734245660709, 0.377342941410142, 
     0.377343357542929, 0.377343714330648, 0.377344019892023, 0.37734428128678, 0.377344504646262, 0.377344695289018, 0.3773448578229, 0.37734499623514, 0.377345113971718, 0.377345214007171, 
     0.377345753768289),
    (0, 0.0242417485574895, 0.0469801626082685, 0.0683104193751154, 0.0883248603926628, 0.107111885186268, 0.124755149088994, 0.141333072398083, 0.15691862610619, 0.171579344559132, 
     0.185377500174909, 0.198370386363921, 0.210610661557962, 0.222146719837478, 0.233023063728814, 0.243280663789622, 0.252957295715037, 0.262087850394076, 0.270704615336844, 0.278837527803518, 
     0.286514401088713, 0.293761126006183, 0.30060184986707, 0.307059135280197, 0.313154101013175, 0.318906546995894, 0.324335065359972, 0.329457139211549, 0.334289230643542, 0.338846859314522, 
     0.343144672758094, 0.347196509440196, 0.351015455451991, 0.354613895611852, 0.358003559650178, 0.361195564063804, 0.364200450151256, 0.367028218674468, 0.369688361535749, 0.372189890809456, 
     0.374541365425043, 0.376750915761036, 0.378826266377229, 0.38077475708436, 0.382603362526093, 0.3843187104269, 0.385927098640831, 0.387434511119987, 0.388846632907314, 0.390168864245933, 
     0.391406333886322, 0.392841370005069, 0.394160528774197, 0.395372213064661, 0.39648428902095, 0.39750411633884, 0.398438576816062, 0.399294101324543, 0.400076695332466, 0.400791963087117, 
     0.401445130554706, 0.402041067200845, 0.402584306684744, 0.403079066531219, 0.403529266836962, 0.403938548061206, 0.404310287945485, 0.404647617602761, 0.404953436812382, 0.405230428554308, 
     0.405481072813396, 0.405707659682472, 0.405912301791158, 0.406096946086004, 0.406263384986333, 0.406413266939199, 0.406548106396185, 0.406669293234011, 0.406778101640455, 0.406875698486645, 
     0.406963151206287, 0.40704143520217, 0.407111440799818, 0.407173979767926, 0.407229791424846, 0.407279548350082, 0.407323861719388, 0.407363286281721, 0.407398324995914, 0.407429433344537, 
     0.407457023341984, 0.407481467253387, 0.407503101040482, 0.407522227550082, 0.407539119460301, 0.407554021999125, 0.407567155449458, 0.407578717454164, 0.407588885134111, 0.407597817031637, 
     0.407605654891359, 0.407612525289595, 0.4076185411232, 0.407623802968023, 0.407628400316638, 0.407632412704521, 0.407635910733231, 0.407638956998764, 0.407641606932628, 0.40764390956281, 
     0.40764590820127, 0.407647641064188, 0.407649141830768, 0.407650440145963, 0.407651562072114, 0.407652530494133, 0.407653365482503, 0.407654084618013, 0.40765470328187, 0.407655234914519, 
     0.407655691246216, 0.407656082502151, 0.407656417584682, 0.407656704234999, 0.407656949176361, 0.407657158240802, 0.40765733648108, 0.407657488269439, 0.407657617384632, 0.407657727088472, 
     0.407658319027446),
    (0, 0.0254704839983573, 0.0494304002051981, 0.0719680266744232, 0.0931694269284187, 0.113117549756284, 0.131891538841358, 0.14956626560204, 0.166212069567766, 0.181894680454717, 
     0.196675279243684, 0.210610661557962, 0.223753467656231, 0.23615245081188, 0.247852762390674, 0.258896238439663, 0.269321677466525, 0.279165103131856, 0.288460008399566, 0.297237579677729, 
     0.305526900801229, 0.313355137536783, 0.320747703775405, 0.327728410826731, 0.334319601323589, 0.340542269240702, 0.346416167467469, 0.351959904277776, 0.357191029927227, 0.36212611449101, 
     0.366780817940655, 0.371169953349254, 0.375307544014167, 0.379206875194908, 0.382880541081708, 0.386340487537004, 0.38959805108709, 0.39266399458378, 0.395548539905385, 0.39826139802186, 
     0.400811796709931, 0.403208506169842, 0.405459862765212, 0.407573791081275, 0.409557824473541, 0.411419124258664, 0.413164497681486, 0.414800414776508, 0.416333024228316, 0.417768168323296, 
     0.419111397074341, 0.420669181743435, 0.422101278792928, 0.423416788154241, 0.424624230558709, 0.425731579916011, 0.426746293886099, 0.427675342795984, 0.428525237032306, 0.429302053023028, 
     0.430011457906679, 0.4306587329749, 0.431248795963248, 0.431786222256078, 0.432275265063674, 0.432719874623198, 0.433123716469738, 0.433490188819018, 0.433822439099693, 0.434123379669921, 
     0.434395702750348, 0.434641894603539, 0.434864248988103, 0.435064879914407, 0.435245733727562, 0.435408600542489, 0.435555125055067, 0.435686816752771, 0.435805059547688, 0.435911120854322, 
     0.436006160134273, 0.436091236929468, 0.436167318405345, 0.436235286425009, 0.436295944175134, 0.436350022363969, 0.436398185011524, 0.436441034851602, 0.436479118364951, 0.436512930462426, 
     0.43654291883654, 0.436569487999377, 0.436593003024321, 0.436613793008509, 0.436632154272413, 0.436648353312401, 0.436662629521521, 0.436675197693195, 0.436686250321918, 0.436695959714428, 
     0.436704479924249, 0.436711948521878, 0.4367184882123, 0.436724208310893, 0.436729206088237, 0.436733567993753, 0.43673737076747, 0.436740682448785, 0.436743563290413, 0.436746066585308, 
     0.436748239413763, 0.436750123317459, 0.436751754906745, 0.43675316640698, 0.436754386149395, 0.436755439011449, 0.436756346811355, 0.43675712866102, 0.436757801281383, 0.436758379283712, 
     0.436758875420227, 0.43675930080706, 0.436759665122332, 0.436759976781886, 0.436760243094977, 0.436760470402009, 0.436760664196224, 0.436760829231063, 0.43676096961476, 0.436761088893561, 
     0.436761732518893),
    (0, 0.0266191856405518, 0.0517217310174751, 0.0753900825218011, 0.0977049245893052, 0.118744440213403, 0.138583719518847, 0.157294330649891, 0.174944046830703, 0.191596717692914, 
     0.207312256621419, 0.222146719837478, 0.23615245081188, 0.249378267863254, 0.261869676651375, 0.273669093813573, 0.284816071557652, 0.295347516308416, 0.305297896948038, 0.314699440046702, 
     0.32358231081517, 0.331974779434292, 0.339903373028765, 0.347393013936795, 0.354467145149401, 0.361147843902827, 0.367455924441904, 0.373411030957559, 0.379031721656974, 0.38433554486298, 
     0.389339107968887, 0.394058140001972, 0.398507548476903, 0.402701471151624, 0.406653323234171, 0.410375840529778, 0.413881118964048, 0.417180650869389, 0.420285358378525, 0.42320562422993, 
     0.425951320255475, 0.428531833789788, 0.430956092213505, 0.433232585818403, 0.435369389160999, 0.43737418105214, 0.439254263313448, 0.441016578416467, 0.442667726107337, 0.444213979108088, 
     0.445661297975407, 0.447339919575921, 0.44888322085456, 0.450300982717251, 0.451602365870046, 0.45279594515332, 0.453889742006204, 0.454891255213357, 0.455807490065776, 0.45664498604987, 
     0.45740984316415, 0.458107746950193, 0.458743992313736, 0.459323506202682, 0.459850869201017, 0.460330336091194, 0.460765855432092, 0.46116108819509, 0.461519425497085, 0.461844005466087, 
     0.462137729272536, 0.46240327635737, 0.462643118886152, 0.462859535457195, 0.463054624090557, 0.463230314523799, 0.463388379839772, 0.463530447451008, 0.463658009464915, 0.463772432453457, 
     0.463874966650738, 0.463966754601486, 0.464048839283218, 0.464122171724485, 0.464187618141313, 0.464245966613623, 0.464297933323083, 0.464344168373387, 0.464385261213689, 0.464421745685337, 
     0.464454104711703, 0.46448277465033, 0.46450814932616, 0.464530583764005, 0.464550397637889, 0.464567878454279, 0.464583284485611, 0.464596847469913, 0.46460877509167, 0.464619253258449, 
     0.464628448187138, 0.46463650831304, 0.464643566034377, 0.464649739304148, 0.464655133080644, 0.464659840647293, 0.464663944811921, 0.464667518994899, 0.46467062821507, 0.464673329981809, 
     0.46467567510101, 0.46467770840227, 0.464679469394064, 0.4646809928532, 0.464682309354406, 0.464683445745458, 0.464684425572858, 0.464685269462662, 0.464685995460719, 0.46468661933621, 
     0.46468715485208, 0.464687614005631, 0.464688007242259, 0.464688343645099, 0.46468863110302, 0.464688876459276, 0.464689085642815, 0.464689263784155, 0.464689415317455, 0.464689544070334, 
     0.464690238837108),
    (0, 0.0276947323202338, 0.0538676662448862, 0.0785962678374075, 0.101956578260897, 0.124022600340722, 0.144865791806703, 0.164554678292848, 0.183154584521438, 0.200727479843874, 
     0.217331919170437, 0.233023063728814, 0.247852762390674, 0.261869676651375, 0.275119434376307, 0.287644800479359, 0.299485855159411, 0.310680172865568, 0.321262997154739, 0.331267408222762, 
     0.340724481129845, 0.349663433658036, 0.358111763395229, 0.366095374094234, 0.373638691656059, 0.380764770274292, 0.387495389383843, 0.393851142106721, 0.399851515898001, 0.405514966079859, 
     0.41085898292017, 0.415900152871331, 0.42065421453934, 0.425136109906, 0.429360031280394, 0.433339464410905, 0.437087228146777, 0.440615510998925, 0.443935904913635, 0.447059436539907, 
     0.449996596241309, 0.452757365076361, 0.455351239947233, 0.457787257094818, 0.460074014098799, 0.462219690524032, 0.46423206733891, 0.466118545217717, 0.467886161826484, 0.469541608181009, 
     0.471091244155849, 0.472888671130688, 0.474541333027668, 0.476059674818529, 0.477453481806571, 0.478731915768729, 0.479903549180799, 0.480976397676585, 0.481957950871743, 0.482855201665902, 
     0.483674674122049, 0.484422450009604, 0.485104194087009, 0.485725178190658, 0.486290304189327, 0.486804125856966, 0.48727086971123, 0.487694454860798, 0.488078511900729, 0.488426400892134, 
     0.488741228459901, 0.489025864040249, 0.489282955308185, 0.489514942813676, 0.489724073854288, 0.489912415611207, 0.490081867574864, 0.490234173285923, 0.490370931416848, 0.490493606219012, 
     0.490603537359879, 0.490701949174585, 0.490789959355901, 0.490868587106297, 0.490938760775545, 0.491001325006929, 0.491057047414835, 0.491106624816082, 0.491150689036977, 0.491189812317578, 
     0.491224512334234, 0.491255256860913, 0.491282468089282, 0.49130652662699, 0.491327775192885, 0.49134652202741, 0.491363044035683, 0.491377589680121, 0.491390381638832, 0.491401619245279, 
     0.491411480724049, 0.491420125236867, 0.491427694752302, 0.491434315751961, 0.491440100785226, 0.491445149884021, 0.491449551848344, 0.49145338541274, 0.491456720303235, 0.491459618193682, 
     0.491462133569835, 0.491464314508981, 0.49146620338239, 0.491467837487306, 0.491469249614778, 0.491470468559106, 0.491471519574274, 0.491472424782305, 0.491473203538098, 0.491473872754923, 
     0.491474447194422, 0.491474939724595, 0.49147536154903, 0.491475722410265, 0.491476030769953, 0.491476293968282, 0.4914765183648, 0.491476709462684, 0.491476872018211, 0.491477010137088, 
     0.491477755466524),
    (0, 0.0287030698070415, 0.0558799158083095, 0.0816037127043019, 0.105946466171312, 0.128978499072442, 0.150768016031812, 0.171380757642633, 0.190879744736469, 0.209325113519985, 
     0.226774028519954, 0.243280663789622, 0.258896238439663, 0.273669093813573, 0.287644800479359, 0.30086628519315, 0.313373969604871, 0.32520591423603, 0.336397963256686, 0.346983886149244, 
     0.35699551427174, 0.366462870621586, 0.375414291962735, 0.383876542912946, 0.391874921926411, 0.399433359341765, 0.406574507820282, 0.413319825594566, 0.419689653000623, 0.425703282788238, 
     0.431379024705569, 0.43673426484055, 0.441785520179423, 0.446548488814937, 0.451038096206262, 0.455268537861117, 0.459253318779361, 0.463005289967093, 0.466536682301614, 0.469859138000807, 
     0.472983739925605, 0.475921038921403, 0.478681079383325, 0.481273423211317, 0.483707172303744, 0.485990989722663, 0.488133119649853, 0.490141406240098, 0.492023311466819, 0.493785932045024, 
     0.495436015507363, 0.497350104702494, 0.499110181481415, 0.500727337251638, 0.502211965860306, 0.503573801394831, 0.504821954035488, 0.505964944107486, 0.507010734460649, 0.507966761288245, 
     0.508839963482284, 0.509636810610407, 0.510363329589194, 0.511025130119928, 0.511627428945447, 0.512175072980529, 0.512672561363022, 0.513124066468662, 0.513533453928914, 0.51390430168832, 
     0.514239918135381, 0.514543359339169, 0.514817445422278, 0.515064776099535, 0.515287745410908, 0.515488555676328, 0.515669230699524, 0.51583162824751, 0.515977451831997, 0.516108261818686, 
     0.516225485890104, 0.516330428887444, 0.51642428205656, 0.516508131723065, 0.516582967421153, 0.516649689500521, 0.51670911623537, 0.51676199045913, 0.516808985748139, 0.516850712177033, 
     0.516887721668126, 0.516920512956555, 0.516949536192327, 0.516975197199902, 0.516997861415249, 0.517017857519664, 0.517035480789007, 0.51705099617625, 0.517064641144594, 0.517076628267627, 
     0.517087147612293, 0.517096368919745, 0.517104443598357, 0.517111506542521, 0.517117677790075, 0.517123064030569, 0.51712775997581, 0.517131849603534, 0.517135407284316, 0.517138498801267, 
     0.517141182271388, 0.517143508976906, 0.517145524114318, 0.517147267468346, 0.517148774017468, 0.517150074477208, 0.517151195786908, 0.517152161545229, 0.517152992399259, 0.51715370639166, 
     0.517154319269964, 0.517154844761752, 0.517155294819133, 0.517155679835662, 0.517156008838514, 0.517156289658519, 0.517156529080387, 0.517156732975254, 0.517156906417471, 0.517157053787345, 
     0.517157849047459),
